TRAINING_COMPLETE
Epochs: 50
FinalMetrics: 50,19232,0.061,0.06081,0.79148,0.9999,1,0.995,0.995,0.05478,0.05291,0.72528,5.96e-05,5.96e-05,5.96e-05
ModelDeployed: d:\AI Study\ai-tutor-backend\models\yolov8n-face.pt
MonitorDuration: 256.5 minutes
CompletedAt: 07/06/2026 14:22:22
